50 50 8
84147715748813817656642539280587369611733015258703
61634930865020533887346041997967510518149086384263
35697797633888054560803434531079327544145277539397
24415718320498931187547467026360995349607965293443
23275635358621175768494501702227359831345153760609
82696517451835096855176443781856189779058566049860
05297928376518671149925006261156074592661279151091
92498087453383872210953042438189688076301642499610
77418168837370315492114311732263199335394454374190
74434789179470039004345238153676080938680658102582
54164260174659179154937874020307147777180674467984
63740687091503320568737353681583128586732405417956
99269460613168825575906387743612168733053557494571
28746285197400933203524119324493971475258825025924
75785180847552362921710989182345718989772177210082
19384199262194799671174758970860664220508239334685
14453853372582469372634978966376844042085789859684
02603496706927150839184644269619628213340491853448
57732168606951164365335478277874734582699877962722
69563650593567805292523754736642224086557578655357
66813014446899071683372124430977340641517080364150
70807376964962943860769360615056107072407677827054
06805300512397206541662532978608199003907516186621
05939120640386676886034501963838160012203475129019
15049779712356220723308409746834413534010667700162
43390279317174659246236910100636408298578123462679
13255708864509882739077369009963750698006627316794
90221801829327446930234288019232507468845168605269
55893589408491225752750530279250967373253651850597
30748783079044048419065197914026556703985869747368
81394789836443715678480744959789853681395951128714
82935432451223538047589279451351867789950384398923
30583107046430973137822266805749487541036706450765
43649888685361837783706638901587566326369550597915
15566300990777973122631186732274809247871250410316
97924577687646435526696612845006613682431079077579
90582507213875209575326923274939454278973839560078
83212831511509510954143661212368419527561297782972
83780262885613444398087322013454899479350301810730
76838066493950347108242584729296935907644115622763
44107970752996403803707378573085004340915606321827
96022731197739090490534701883057851365013015584461
01473089888751964654081333665497131083767769369238
90726325599181713817944289235472271662381308271453
63640692201767632264167741748226486226735369258110
16997396191664348108618136917195529786069290215325
08708212808326442895116088801451048239469835045466
39614438137452147863730114674189525372591895127113
15700818817764380063296051825140053758029243834505
30258746461163177858309951443992637671470689929142

