50 50 8
48148303300640387914079568718213391539356063165726
66084526730486840540709113941127955689926978102097
36658029739500753443104619425243432659877076918538
95605504177932970194869680379563716323836767163962
43995201275106249836973861060341386957247378150862
90676494391074236762634176570889677838085557694182
78818468028320226700490792498659686412836829605177
97828151543229413263724193928107692085774581147468
76716756738143559178604703438288820510980252236497
54001367117049634260140829807649444446739028445358
52681696138580482429196151824240764031737485024733
26409535000887090978036449845579932742915869774134
96119736974645513129199663459766027787590335334253
29774168305131781615076223785130532498809781422327
36188149728066958564819645820329762557206333181310
49208398930883193556455904823482670657266093468874
05624584613517765204613701899593323672414792416712
78205872127157502540187276420479730135559194673469
05934479494583279088926839839133929576953185738287
91169451970481257249423745796399167247426853740109
95142133399218119954514884502863025882465765684368
39063452894004713900501609266789193823077082595553
85532282695595939965548182485539851351126666107701
08093301151211404272833266616205339820759584394763
63393965390245186580635928703157403580318207246768
27067730472459312911059594417687685567041570305235
48886076519384622833728348770429101882687752050385
90236270222556158210227135205453973724441264699842
33236613990104060909692418640513013400120444511969
96347657448550934585668869866074026193199885012710
72398172402224488179660743140279530063046438054413
86557672474220792976296775674882931285329184601018
77267374889436701002004168695468175640578376812282
56638007660593752876978147317182206345967319905943
99153991664585947017440735649300965395113299098772
41334610627831401688078395070822965671399749419726
15732557429058896674485651796930781372744031209582
75556302005399919192880319131822513380043554808889
53227796924711063446936503189515890388509177770235
74554500375012398747354671862545778150535656971164
61693837337228448127011176756107537963330193964188
12644716907446634592571410240480126586859397763747
88323828272539120378750578955738106879652893967851
75029369538708147493352372389059683039166876108586
76057573071054025657593369478619734407739703930545
10159275951284963519986281655158987038233191837570
92401599360386872810787303366362905021227017523472
56241681420254075094932513774408715412233996239577
33934640853772307716315762252310838102094595046546
98922192863494190014419319959700861704111414517672
