50 50 2500 21 16
##################################################
#######.###.###.###.#.....########################
#####...###.###.###.#..##.########################
##.#....................#.................########
##...............#...........###..##...##.########
##.##.####.#.##.#.........##.###.......##.########
##.##.####.#.##.#.......#.##.#...##.#..##.########
##.##.####..............#.##.#......#..##.########
##.##.####.###..#.......#.##.#####........########
##.##.####..........#.....##.######.##############
##.#................#.#.#.##.#...##.##############
##.#######..##............##.#.#.##.#####.########
##.########.##............................########
##..#######.###...###................####.########
##..#######.###..#.##...................#.#####.##
##..#######.###...............##.#..............##
###.#######......#.....##.....#..##.##....#####.##
###.####.....##..#...#........#..##........####.##
###...####....................................#.##
#####.#####............##..#........#.........#.##
#####.####........................#.#.....###.#.##
#####.####.##..........##..#......#.#.........#.##
#####.####.##..........##..#..#...###....#.##.#.##
###...###..#...................##.###.........#.##
####.#####......................................##
#...............................................##
###........##..#...........#.....####.##.#....####
#................................####.##.#....####
##.......#..............#..#.....####.##......####
####...####.#....................####.##.#....####
####..........................#..####.##.#....####
####..#.#.#.#...........#........####.........####
#####.#.#.............#.#......................###
#####.#.#...#....................####.####...#####
###..........................###.####.#####......#
#..................##.#......###......######.#####
#..#..#.#.#.............................####.#####
#..#..................#....#.##########.####.#####
#..#.##..............##...................##.....#
#....##.#.###................#..##################
##.#.##.#.###................#..##################
##......#..........................###############
#######.###.......................################
#######.###.....##.......#...#.##.################
#######.###########........#.####.################
###################.................##############
###############.###......###.######.##############
###############...#......###.######.##############
###############.........####.######.##############
##################################################
240
22 32 17823 15
24 6 86313 52
41 20 88695 4
18 29 15928 30
23 15 29620 54
14 3 54638 22
44 22 23353 36
44 23 45725 62
26 34 42601 88
38 8 60779 20
26 33 81286 36
5 34 4508 9
9 20 37288 86
42 28 78650 83
25 25 34935 91
34 17 65966 24
14 23 56948 44
10 12 40600 71
18 24 66057 54
6 19 45024 27
37 6 61914 89
36 38 77173 20
23 21 45298 7
33 30 40664 71
41 31 44306 90
24 30 27501 77
4 9 72814 1
44 13 246 39
2 12 70518 11
9 3 29564 31
32 44 98913 51
29 23 9225 92
24 46 34995 37
28 41 96602 29
28 29 24353 48
3 12 42336 49
13 22 68399 51
29 9 98680 61
3 7 86194 68
5 13 38775 82
15 48 98262 36
7 42 53130 38
16 35 14933 61
13 20 65182 25
33 27 9666 71
23 29 2543 55
46 27 94020 24
16 43 659 69
20 27 58270 17
30 45 58096 19
18 40 36819 97
34 44 82 36
30 31 93084 10
33 13 64574 82
35 21 35194 16
20 6 52109 58
31 32 66366 6
42 24 45754 35
4 5 58604 81
26 8 51289 36
39 45 88591 49
28 28 62303 88
46 31 45790 36
19 29 7557 88
17 42 48050 6
19 12 73688 77
26 22 23694 94
44 8 76820 26
20 20 70826 100
15 19 46983 94
30 17 78373 100
15 29 28337 82
19 11 88196 87
6 36 18132 83
27 32 13121 67
19 22 66997 8
26 14 47247 87
28 10 57177 5
11 3 30238 36
30 33 35489 64
21 17 87780 7
29 24 30266 14
34 45 3642 86
19 21 34427 74
8 15 52802 75
4 7 83034 58
16 39 87786 11
26 48 77509 86
21 21 14508 32
32 46 13032 42
30 19 926 24
24 20 58000 10
24 15 94439 19
3 23 40768 29
40 19 90309 2
22 21 94943 58
32 15 39453 89
35 8 59638 14
43 13 87635 30
9 41 2502 95
4 38 17592 79
25 35 30890 72
43 28 47967 30
42 33 91274 55
26 27 45522 26
27 38 8194 1
16 28 22790 45
44 21 86174 85
31 17 81773 33
39 12 51707 79
22 19 73470 5
39 27 84085 67
24 16 15575 61
20 30 15748 29
23 40 33510 17
7 13 28767 41
39 21 13273 69
23 23 33557 19
36 14 96336 58
38 24 66673 11
19 36 25214 58
36 34 51634 93
16 37 93787 89
33 6 97047 68
13 32 63820 63
42 11 91506 48
39 16 29385 24
16 21 74848 13
45 25 7752 36
21 48 62039 46
10 13 46080 14
20 45 43094 95
23 16 14242 49
42 3 69348 70
40 25 10393 56
13 25 24415 21
5 25 53178 81
40 5 11298 2
17 15 63763 94
19 32 65182 62
7 26 12484 49
27 20 75805 81
22 17 26503 56
12 3 54667 3
23 41 31985 64
43 26 11681 24
6 20 99138 61
26 31 4341 8
20 46 64292 28
12 15 18449 58
35 9 65974 35
49 22 81518 26
40 16 82 41
28 44 62916 39
4 28 71057 79
6 22 14188 41
43 19 57484 63
28 3 79780 79
24 40 57565 90
13 36 96268 95
28 5 23566 57
20 41 90560 84
27 44 11310 74
17 41 51819 31
32 42 65666 4
16 17 33807 66
28 19 6088 24
4 35 46826 64
15 42 14624 100
19 43 5599 29
32 5 57851 64
28 6 2769 93
5 12 18868 22
27 27 63246 54
18 25 73460 75
43 17 42701 89
26 44 82353 63
3 22 81800 0
37 31 75715 44
17 36 25925 4
39 19 40472 58
6 23 10980 53
41 17 2512 92
39 5 65333 68
30 18 96616 87
25 17 42808 93
21 42 85806 65
37 27 12642 99
33 37 6417 79
7 32 30349 44
35 19 18709 67
8 14 52705 27
42 30 26518 87
24 48 18545 43
46 30 4275 51
48 24 42661 13
15 33 50769 53
2 20 86630 98
11 26 46300 84
40 29 99701 78
14 32 26303 90
17 30 94192 69
21 20 77702 79
4 39 44887 81
37 22 30149 20
8 12 73534 26
41 24 62412 90
5 22 33496 92
39 31 77800 87
29 29 63442 35
24 22 48823 64
45 24 81371 80
32 41 25674 11
42 16 24209 61
14 36 80605 34
8 18 79441 30
19 18 24436 0
42 13 39825 5
39 13 4268 98
40 21 95060 79
20 31 78540 32
23 48 2956 85
40 24 61485 92
19 33 12298 26
5 37 63013 99
19 44 74114 96
40 8 39578 38
10 26 99992 19
3 8 54567 77
21 34 42590 21
37 21 57929 54
29 38 47803 80
11 19 31587 73
25 27 24527 27
39 37 7275 31
23 19 19242 13
7 3 4917 31
31 30 59146 88
16 33 22284 56
38 20 45682 70

